#the number of patterns to be recognized
5

#marker 1
marker_at16.patt
40.0
1.0000 0.0000 0.0000 0.0000
0.0000 1.0000 0.0000 0.0000
0.0000 0.0000 1.0000 0.0000

#marker 2
marker_fisch16.patt
40.0
1.0000 0.0000 0.0000  100.0000
0.0000 1.0000 0.0000    0.0000
0.0000 0.0000 1.0000    0.0000

#marker 3
marker_hand16.patt
40.0
1.0000 0.0000 0.0000  200.0000
0.0000 1.0000 0.0000    0.0000
0.0000 0.0000 1.0000    0.0000

#marker 4
marker_peace16.patt
40.0
1.0000 0.0000 0.0000    0.0000
0.0000 1.0000 0.0000 -100.0000
0.0000 0.0000 1.0000    0.0000

#marker 5
marker_rupee16.patt
40.0
1.0000 0.0000 0.0000  100.0000
0.0000 1.0000 0.0000 -100.0000
0.0000 0.0000 1.0000    0.0000